Calque221920
Z:\Documents\GitHub\honeyrun\src\TileMapping\images\TileSetRpg.png
60 34 32 32
143 37 37 37 37 37 37 37 37 37 37 37 37 37 37 37 37 37 37 37 37 37 37 37 37 37 37 37 37 37 37 37 37 37 37 37 37 37 37 37 37 37 37 37 37 37 37 37 37 37 37 37 37 37 37 37 37 37 37 143 
17 208 205 205 209 167 167 167 167 167 167 167 167 167 167 167 167 167 167 167 167 167 167 167 167 167 167 167 167 167 167 167 167 167 167 167 167 167 167 167 167 167 167 167 167 167 167 167 167 167 167 167 167 167 167 208 205 205 209 42 
17 228 166 166 231 167 167 167 79 167 167 167 167 167 167 167 167 167 167 167 167 167 167 167 167 167 167 167 167 348 349 167 167 167 167 167 167 167 167 167 167 167 167 167 167 167 167 167 167 167 167 79 167 167 167 228 166 166 231 42 
17 228 166 166 231 167 167 79 167 167 167 167 167 167 167 167 167 167 167 167 167 167 167 167 167 167 167 167 79 166 166 79 167 167 167 167 167 208 209 167 167 167 167 167 167 167 167 167 167 167 167 167 79 167 167 228 166 166 231 42 
17 232 230 230 233 212 167 167 167 167 167 167 167 167 167 167 167 167 167 167 167 167 167 167 167 167 167 167 79 190 190 79 167 167 167 167 167 232 233 167 167 167 167 167 167 167 167 167 167 167 167 167 167 167 212 232 230 230 233 42 
17 167 167 167 167 280 277 277 277 277 277 277 277 277 277 277 257 167 167 167 167 167 167 167 167 167 167 167 79 166 166 79 167 167 167 167 167 167 167 167 167 167 167 256 277 277 277 277 277 277 277 277 277 277 281 167 167 167 167 42 
17 167 167 167 167 167 167 167 167 167 167 167 167 167 167 167 237 167 167 167 167 167 167 167 167 167 167 167 167 79 79 167 167 167 167 167 167 167 167 167 167 167 167 237 167 167 167 167 167 167 167 167 167 167 167 167 167 167 167 42 
17 167 167 167 167 167 167 167 167 167 167 167 167 167 167 167 208 206 206 206 206 206 209 167 167 167 167 167 167 167 167 167 167 167 167 167 167 208 206 206 206 206 206 209 167 167 167 167 167 167 167 167 167 167 167 167 167 167 167 42 
17 167 167 167 167 167 167 167 20 21 167 167 167 167 167 167 228 166 166 238 166 166 231 167 167 167 167 167 167 167 167 167 167 167 167 167 167 228 166 238 166 166 263 231 167 167 167 167 167 167 167 167 167 167 167 167 167 167 167 42 
17 167 167 167 167 167 167 167 44 45 167 167 167 167 167 167 228 166 190 190 190 166 231 167 167 167 167 167 167 167 167 167 167 167 167 167 167 228 166 190 190 190 166 231 167 167 167 64 62 62 62 65 167 167 167 167 167 167 167 42 
17 167 167 167 167 167 167 167 167 167 167 167 167 167 167 167 228 166 190 190 190 166 231 167 167 167 167 167 167 167 167 167 167 167 167 167 167 228 166 190 190 190 166 231 167 167 167 60 143 143 143 87 167 167 167 167 167 167 167 42 
17 167 167 167 167 167 167 167 167 167 167 167 167 167 167 167 228 238 190 190 166 166 55 79 55 79 55 79 55 79 55 79 55 79 55 79 55 79 238 166 190 190 238 231 167 167 167 60 143 143 143 87 167 167 167 167 167 167 167 42 
17 167 167 167 167 167 167 167 167 167 167 167 167 167 167 167 228 166 166 166 166 238 166 166 166 166 166 263 166 166 166 166 238 166 166 166 166 166 166 166 166 166 166 231 167 167 167 88 67 143 143 90 62 65 167 167 167 167 167 42 
17 167 167 167 167 167 167 167 167 208 209 167 167 167 167 167 232 230 230 230 79 166 166 166 166 79 166 166 166 79 79 166 166 166 79 166 166 166 166 55 230 230 230 233 167 167 167 167 84 143 143 143 143 90 65 167 167 167 167 42 
17 167 167 167 167 167 167 167 167 232 233 167 167 167 167 167 167 167 167 167 55 166 79 166 166 166 238 166 166 166 166 166 166 166 166 238 166 79 166 79 167 167 167 167 167 167 167 167 84 143 143 143 143 143 87 167 167 167 167 42 
17 167 167 167 167 167 167 167 167 167 167 167 167 167 167 167 167 167 167 167 79 166 166 166 166 166 166 79 166 166 166 166 79 166 166 166 166 166 166 55 167 167 167 167 167 167 167 167 88 86 67 143 143 143 87 167 167 167 167 42 
17 167 167 167 64 62 62 65 167 167 167 167 167 167 167 167 167 167 167 167 55 166 238 166 79 166 166 79 166 166 166 166 79 166 166 79 166 166 166 79 167 167 167 167 167 167 167 167 167 167 88 86 86 86 89 167 167 167 167 42 
17 167 167 167 60 143 143 90 65 167 167 167 167 167 167 167 167 167 167 167 79 166 166 166 79 166 166 79 166 166 166 166 79 166 166 79 166 166 166 55 167 167 167 167 167 167 167 167 167 167 167 167 167 167 167 167 167 167 167 42 
17 167 167 167 60 143 143 143 87 167 167 167 167 167 167 167 167 167 167 167 55 166 166 166 166 166 166 79 166 166 166 263 79 166 166 166 166 166 166 79 167 167 167 167 208 209 167 167 167 167 167 167 167 167 167 167 167 167 167 42 
17 167 167 167 60 143 143 143 87 167 167 167 167 167 167 167 167 167 167 167 79 166 79 166 166 166 238 166 166 166 166 166 166 166 166 166 166 79 166 55 167 167 167 167 232 233 167 167 167 167 167 167 167 167 167 167 167 167 167 42 
17 167 167 167 60 143 143 143 90 65 167 167 167 167 167 167 208 206 206 206 55 166 166 166 166 79 166 166 166 79 79 166 238 166 79 166 238 166 166 79 206 206 206 209 167 167 167 167 167 167 167 167 167 167 167 167 167 167 167 42 
17 167 167 167 88 67 143 143 143 90 65 167 167 167 167 167 228 238 166 166 166 166 166 263 166 166 166 166 166 166 166 166 166 166 166 166 166 166 166 166 166 238 166 231 167 167 167 167 167 20 21 167 167 167 167 167 167 167 167 42 
17 167 167 167 167 88 67 143 143 143 87 167 167 167 167 167 228 166 190 190 166 166 79 55 79 55 79 55 79 55 79 55 79 55 79 55 79 55 166 166 190 190 166 231 167 167 167 167 167 44 45 167 167 167 167 167 167 167 167 42 
17 167 167 167 167 167 88 67 143 143 87 167 167 167 167 167 228 166 190 190 190 166 231 167 167 167 167 167 167 167 167 167 167 167 167 167 167 228 166 190 190 190 166 231 167 167 167 167 167 167 167 167 167 167 167 167 167 167 167 42 
17 167 167 167 167 167 167 88 86 86 89 167 167 167 167 167 228 166 190 190 190 238 231 167 167 167 167 167 167 167 167 167 167 167 167 167 167 228 238 190 190 190 238 231 167 167 167 167 167 167 167 167 167 167 167 167 167 167 167 42 
17 167 167 167 167 167 167 167 167 167 167 167 167 167 167 167 228 238 166 166 166 166 231 167 167 167 167 167 167 167 167 167 167 167 167 167 167 228 166 166 166 263 166 231 167 167 167 167 167 167 167 167 167 167 167 167 167 167 167 42 
17 167 167 167 167 167 167 167 167 167 167 167 167 167 167 167 232 230 230 230 230 230 233 167 167 167 167 167 167 167 167 167 167 167 167 167 167 232 230 230 230 230 230 233 167 167 167 167 167 167 167 167 167 167 167 167 167 167 167 42 
17 167 167 167 167 167 167 167 167 167 167 167 167 167 167 167 212 167 167 167 167 167 167 167 167 167 167 167 167 79 79 167 167 167 167 167 167 167 167 167 167 167 167 212 167 167 167 167 167 167 167 167 167 167 167 167 167 167 167 42 
17 167 167 167 167 256 277 277 277 277 277 252 252 277 252 252 281 167 167 167 167 167 167 167 167 167 167 167 79 166 166 79 167 167 167 167 167 167 167 167 167 167 167 280 277 277 277 277 277 277 277 277 277 277 257 167 167 167 167 42 
17 208 206 206 209 237 167 167 167 167 167 167 167 167 167 167 167 167 167 167 167 167 167 167 167 167 167 167 79 190 190 79 167 167 167 167 167 167 167 167 167 167 167 167 167 167 167 167 167 167 167 167 167 167 237 208 206 206 209 42 
17 228 166 166 231 167 167 79 167 167 167 167 167 167 167 167 167 167 167 167 167 208 209 167 167 167 167 167 79 166 166 79 167 167 167 167 167 167 167 167 167 167 167 167 167 167 167 167 167 167 167 167 79 167 167 228 166 166 231 42 
17 228 166 166 231 167 167 167 79 167 167 167 167 167 167 167 167 167 167 167 167 232 233 167 167 167 167 167 167 372 373 167 167 167 167 167 167 167 167 167 167 167 167 167 167 167 167 167 167 167 167 79 167 167 167 228 166 166 231 42 
17 232 229 229 233 167 167 167 167 167 167 167 167 167 167 167 167 167 167 167 167 167 167 167 167 167 167 167 167 167 167 167 167 167 167 167 167 167 167 167 167 167 167 167 167 167 167 167 167 167 167 167 167 167 167 232 229 229 233 42 
143 14 14 14 14 14 14 14 14 14 14 14 14 14 14 14 14 14 14 14 14 14 14 14 14 14 14 14 14 14 14 14 14 14 14 14 14 14 14 14 14 14 14 14 14 14 14 14 14 14 14 14 14 14 14 14 14 14 14 143 
