Calque11920
Z:\Documents\GitHub\honeyrun\src\TileMapping\images\TileSetRpg.png
60 34 32 32
79 79 79 79 79 79 79 79 79 79 79 79 79 79 79 79 79 79 79 79 79 79 79 79 79 79 79 79 79 79 79 79 79 79 79 79 79 79 79 79 79 79 79 79 79 79 79 79 79 79 79 79 79 79 79 79 79 79 79 79 
79 208 205 205 209 167 167 167 167 167 167 167 167 167 167 167 167 167 167 167 167 167 167 167 167 167 167 167 167 167 167 167 167 167 167 167 167 167 167 167 167 167 167 167 167 167 167 167 167 167 167 167 167 167 167 208 205 205 209 79 
79 228 166 166 231 167 167 167 79 167 167 167 167 167 167 167 167 167 167 167 167 167 167 167 167 167 167 167 167 348 349 167 167 167 167 167 167 167 167 167 167 167 167 167 167 167 167 167 167 167 167 79 167 167 167 228 166 166 231 79 
79 228 166 166 231 167 167 79 167 167 167 167 167 167 167 167 167 167 167 167 167 167 167 167 167 167 167 167 79 166 166 79 167 167 167 167 167 208 209 167 167 167 167 167 167 167 167 167 167 167 167 167 79 167 167 228 166 166 231 79 
79 232 230 230 233 212 167 167 167 167 167 167 167 167 167 167 167 167 167 167 167 167 167 167 167 167 167 167 79 190 190 79 167 167 167 167 167 232 233 167 167 167 167 167 167 167 167 167 167 167 167 167 167 167 212 232 230 230 233 79 
79 167 167 167 167 280 277 277 277 277 277 277 277 277 277 277 257 167 167 167 167 167 167 167 167 167 167 167 79 166 166 79 167 167 167 167 167 167 167 167 167 167 167 256 277 277 277 277 277 277 277 277 277 277 281 167 167 167 167 79 
79 167 167 167 167 167 167 167 167 167 167 167 167 167 167 167 237 167 167 167 167 167 167 167 167 167 167 167 167 79 79 167 167 167 167 167 167 167 167 167 167 167 167 237 167 167 167 167 167 167 167 167 167 167 167 167 167 167 167 79 
79 167 167 167 167 167 167 167 167 167 167 167 167 167 167 167 208 206 206 206 206 206 209 167 167 167 167 167 167 167 167 167 167 167 167 167 167 208 206 206 206 206 206 209 167 167 167 167 167 167 167 167 167 167 167 167 167 167 167 79 
79 167 167 167 167 167 167 167 79 79 167 167 167 167 167 167 228 166 166 238 166 166 231 167 167 167 167 167 167 167 167 167 167 167 167 167 167 228 166 238 166 166 263 231 167 167 167 167 167 167 167 167 167 167 167 167 167 167 167 79 
79 167 167 167 167 167 167 167 79 79 167 167 167 167 167 167 228 166 190 190 190 166 231 167 167 167 167 167 167 167 167 167 167 167 167 167 167 228 166 190 190 190 166 231 167 167 167 79 79 79 79 79 167 167 167 167 167 167 167 79 
79 167 167 167 167 167 167 167 167 167 167 167 167 167 167 167 228 166 190 190 190 166 231 167 167 167 167 167 167 167 167 167 167 167 167 167 167 228 166 190 190 190 166 231 167 167 167 79 79 79 79 79 167 167 167 167 167 167 167 79 
79 167 167 167 167 167 167 167 167 167 167 167 167 167 167 167 228 238 190 190 166 166 79 79 79 79 79 79 79 79 79 79 79 79 79 79 79 79 238 166 190 190 238 231 167 167 167 79 79 79 79 79 167 167 167 167 167 167 167 79 
79 167 167 167 167 167 167 167 167 167 167 167 167 167 167 167 228 166 166 166 166 238 166 166 166 166 166 263 166 166 166 166 238 166 166 166 166 166 166 166 166 166 166 231 167 167 167 79 79 79 79 79 79 79 167 167 167 167 167 79 
79 167 167 167 167 167 167 167 167 79 79 167 167 167 167 167 232 230 230 230 79 166 166 166 166 79 166 166 166 79 79 166 166 166 79 166 166 166 166 79 230 230 230 233 167 167 167 167 79 79 79 79 79 79 79 167 167 167 167 79 
79 167 167 167 167 167 167 167 167 79 79 167 167 167 167 167 167 167 167 167 79 166 79 166 166 166 238 166 166 166 166 166 166 166 166 238 166 79 166 79 167 167 167 167 167 167 167 167 79 79 79 79 79 79 79 167 167 167 167 79 
79 167 167 167 167 167 167 167 167 167 167 167 167 167 167 167 167 167 167 167 79 166 166 166 166 166 166 79 166 166 166 166 79 166 166 166 166 166 166 79 167 167 167 167 167 167 167 167 79 79 79 79 79 79 79 167 167 167 167 79 
79 167 167 167 79 79 79 79 167 167 167 167 167 167 167 167 167 167 167 167 79 166 238 166 79 166 166 79 166 166 166 166 79 166 166 79 166 166 166 79 167 167 167 167 167 167 167 167 167 167 79 79 79 79 79 167 167 167 167 79 
79 167 167 167 79 79 79 79 79 167 167 167 167 167 167 167 167 167 167 167 79 166 166 166 79 166 166 79 166 166 166 166 79 166 166 79 166 166 166 79 167 167 167 167 167 167 167 167 167 167 167 167 167 167 167 167 167 167 167 79 
79 167 167 167 79 79 79 79 79 167 167 167 167 167 167 167 167 167 167 167 79 166 166 166 166 166 166 79 166 166 166 263 79 166 166 166 166 166 166 79 167 167 167 167 208 209 167 167 167 167 167 167 167 167 167 167 167 167 167 79 
79 167 167 167 79 79 79 79 79 167 167 167 167 167 167 167 167 167 167 167 79 166 79 166 166 166 238 166 166 166 166 166 166 166 166 166 166 79 166 79 167 167 167 167 232 233 167 167 167 167 167 167 167 167 167 167 167 167 167 79 
79 167 167 167 79 79 79 79 79 79 167 167 167 167 167 167 208 206 206 206 79 166 166 166 166 79 166 166 166 79 79 166 238 166 79 166 238 166 166 79 206 206 206 209 167 167 167 167 167 167 167 167 167 167 167 167 167 167 167 79 
79 167 167 167 79 79 79 79 79 79 79 167 167 167 167 167 228 238 166 166 166 166 166 263 166 166 166 166 166 166 166 166 166 166 166 166 166 166 166 166 166 238 166 231 167 167 167 167 167 79 79 167 167 167 167 167 167 167 167 79 
79 167 167 167 167 79 79 79 79 79 79 167 167 167 167 167 228 166 190 190 166 166 79 79 79 79 79 79 79 79 79 79 79 79 79 79 79 79 166 166 190 190 166 231 167 167 167 167 167 79 79 167 167 167 167 167 167 167 167 79 
79 167 167 167 167 167 79 79 79 79 79 167 167 167 167 167 228 166 190 190 190 166 231 167 167 167 167 167 167 167 167 167 167 167 167 167 167 228 166 190 190 190 166 231 167 167 167 167 167 167 167 167 167 167 167 167 167 167 167 79 
79 167 167 167 167 167 167 79 79 79 79 167 167 167 167 167 228 166 190 190 190 238 231 167 167 167 167 167 167 167 167 167 167 167 167 167 167 228 238 190 190 190 238 231 167 167 167 167 167 167 167 167 167 167 167 167 167 167 167 79 
79 167 167 167 167 167 167 167 167 167 167 167 167 167 167 167 228 238 166 166 166 166 231 167 167 167 167 167 167 167 167 167 167 167 167 167 167 228 166 166 166 263 166 231 167 167 167 167 167 167 167 167 167 167 167 167 167 167 167 79 
79 167 167 167 167 167 167 167 167 167 167 167 167 167 167 167 232 230 230 230 230 230 233 167 167 167 167 167 167 167 167 167 167 167 167 167 167 232 230 230 230 230 230 233 167 167 167 167 167 167 167 167 167 167 167 167 167 167 167 79 
79 167 167 167 167 167 167 167 167 167 167 167 167 167 167 167 212 167 167 167 167 167 167 167 167 167 167 167 167 79 79 167 167 167 167 167 167 167 167 167 167 167 167 212 167 167 167 167 167 167 167 167 167 167 167 167 167 167 167 79 
79 167 167 167 167 256 277 277 277 277 277 252 252 277 252 252 281 167 167 167 167 167 167 167 167 167 167 167 79 166 166 79 167 167 167 167 167 167 167 167 167 167 167 280 277 277 277 277 277 277 277 277 277 277 257 167 167 167 167 79 
79 208 206 206 209 237 167 167 167 167 167 167 167 167 167 167 167 167 167 167 167 167 167 167 167 167 167 167 79 190 190 79 167 167 167 167 167 167 167 167 167 167 167 167 167 167 167 167 167 167 167 167 167 167 237 208 206 206 209 79 
79 228 166 166 231 167 167 79 167 167 167 167 167 167 167 167 167 167 167 167 167 208 209 167 167 167 167 167 79 166 166 79 167 167 167 167 167 167 167 167 167 167 167 167 167 167 167 167 167 167 167 167 79 167 167 228 166 166 231 79 
79 228 166 166 231 167 167 167 79 167 167 167 167 167 167 167 167 167 167 167 167 232 233 167 167 167 167 167 167 372 373 167 167 167 167 167 167 167 167 167 167 167 167 167 167 167 167 167 167 167 167 79 167 167 167 228 166 166 231 79 
79 232 229 229 233 167 167 167 167 167 167 167 167 167 167 167 167 167 167 167 167 167 167 167 167 167 167 167 167 167 167 167 167 167 167 167 167 167 167 167 167 167 167 167 167 167 167 167 167 167 167 167 167 167 167 232 229 229 233 79 
79 79 79 79 79 79 79 79 79 79 79 79 79 79 79 79 79 79 79 79 79 79 79 79 79 79 79 79 79 79 79 79 79 79 79 79 79 79 79 79 79 79 79 79 79 79 79 79 79 79 79 79 79 79 79 79 79 79 79 79 
