Calque1920
Z:\Documents\Informatique VS\TP_TileMapping\src\TileMapping\images\tileSetMinecraft32x32.png
60 34 32 32
177 177 177 177 177 177 177 177 177 177 177 177 177 177 177 177 177 177 177 177 177 177 177 177 177 177 177 177 177 177 177 177 177 177 177 177 177 177 177 177 177 177 177 177 177 177 177 177 177 177 177 177 177 177 177 177 177 177 177 177 
177 183 183 183 183 181 181 181 181 181 181 181 181 181 181 181 181 181 181 181 181 181 181 181 181 181 181 181 181 181 181 181 181 181 181 181 181 181 181 181 181 181 181 181 181 181 181 181 181 181 181 181 181 181 181 183 183 183 183 177 
177 183 179 183 183 183 183 183 183 183 183 183 183 183 183 183 183 183 183 183 183 183 183 183 183 183 183 183 183 183 183 183 183 183 183 183 183 183 183 183 183 183 183 183 183 183 183 183 183 183 183 183 183 183 183 183 183 178 183 177 
177 183 183 183 183 177 183 183 183 183 183 183 183 183 183 183 183 183 183 183 183 183 183 183 183 183 183 183 183 183 183 183 183 183 183 183 183 183 183 183 183 183 183 183 183 183 183 183 183 183 183 183 183 183 177 183 183 183 183 177 
177 181 183 177 177 177 183 183 183 183 183 183 183 183 183 183 183 183 183 183 183 183 183 183 183 183 183 183 183 183 183 183 183 183 183 183 183 183 183 183 183 183 183 183 183 183 183 183 183 183 183 183 183 183 177 177 177 183 181 177 
177 181 183 183 183 183 183 183 183 183 183 183 183 183 183 183 183 183 183 183 183 183 183 183 183 183 183 183 183 183 183 183 183 183 183 183 183 183 183 183 183 183 183 183 183 183 183 183 183 183 183 183 183 183 183 183 183 183 181 177 
177 181 183 183 183 183 183 183 183 183 183 183 183 183 183 183 183 183 183 183 183 183 183 183 183 183 183 183 183 183 183 183 183 183 183 183 183 183 183 183 183 183 183 183 183 183 183 183 183 183 183 183 183 183 183 183 183 183 181 177 
177 181 183 183 183 183 183 183 183 183 183 183 183 183 183 183 183 183 183 183 183 183 183 183 183 183 183 183 183 183 183 183 183 183 183 183 183 183 183 183 183 183 183 183 183 183 183 183 183 183 183 183 183 183 183 183 183 183 181 177 
177 181 183 183 183 183 183 183 183 183 183 183 183 183 183 183 183 183 183 183 183 183 183 183 183 183 183 183 183 183 183 183 183 183 183 183 183 183 183 183 183 183 183 183 183 183 183 183 183 183 183 183 183 183 183 183 183 183 181 177 
177 181 183 183 183 183 183 183 183 183 183 183 183 183 183 183 183 183 183 183 183 183 183 183 183 183 183 183 183 183 183 183 183 183 183 183 183 183 183 183 183 183 183 183 183 183 183 183 183 183 183 183 183 183 183 183 183 183 181 177 
177 181 183 183 183 183 183 183 183 183 183 183 183 183 183 183 183 183 183 181 181 181 183 183 181 181 181 181 181 181 181 181 181 181 183 183 181 181 181 183 183 183 183 183 183 183 183 183 183 183 183 183 183 183 183 183 183 183 181 177 
177 181 183 183 183 183 183 183 183 183 183 183 183 183 183 183 183 183 183 181 181 181 183 183 183 183 183 183 183 183 183 183 183 183 183 183 181 181 181 183 183 183 183 183 183 183 183 183 183 183 183 183 183 183 183 183 183 183 181 177 
177 181 183 183 183 183 183 183 183 183 183 183 183 183 183 183 183 183 183 181 181 183 183 177 177 177 177 177 177 177 177 177 177 177 177 183 183 181 181 183 183 183 183 183 183 183 183 183 183 183 183 183 183 183 183 183 183 183 181 177 
177 181 183 183 183 183 183 183 183 183 183 183 183 183 183 183 183 183 183 183 183 183 183 183 183 183 183 183 183 183 183 183 183 183 183 183 183 183 183 183 183 183 183 183 183 183 183 183 183 183 183 183 183 183 183 183 183 183 181 177 
177 181 183 183 183 183 183 183 183 183 183 183 183 183 183 183 183 183 183 183 183 177 183 183 183 183 183 183 183 183 183 183 183 183 183 183 177 183 183 183 183 183 183 183 183 183 183 183 183 183 183 183 183 183 183 183 183 183 181 177 
177 181 183 183 183 183 183 183 183 183 183 183 183 183 183 183 183 183 183 181 183 177 183 183 183 183 183 183 183 183 183 183 183 183 183 183 177 183 181 183 183 183 183 183 183 183 183 183 183 183 183 183 183 183 183 183 183 183 181 177 
177 181 183 183 183 183 183 183 183 183 183 183 183 183 183 183 183 183 183 181 183 177 183 183 183 183 183 183 183 183 183 183 183 183 183 183 177 183 181 183 183 183 183 183 183 183 183 183 183 183 183 183 183 183 183 183 183 183 181 177 
177 181 183 183 183 183 183 183 183 183 183 183 183 183 183 183 183 183 183 181 183 177 183 183 183 183 183 183 183 183 183 183 183 183 183 183 177 183 181 183 183 183 183 183 183 183 183 183 183 183 183 183 183 183 183 183 183 183 181 177 
177 181 183 183 183 183 183 183 183 183 183 183 183 183 183 183 183 183 183 181 183 177 183 183 183 183 183 183 183 183 183 183 183 183 183 183 177 183 181 183 183 183 183 183 183 183 183 183 183 183 183 183 183 183 183 183 183 183 181 177 
177 181 183 183 183 183 183 183 183 183 183 183 183 183 183 183 183 183 183 181 183 177 183 183 183 183 183 183 183 183 183 183 183 183 183 183 177 183 181 183 183 183 183 183 183 183 183 183 183 183 183 183 183 183 183 183 183 183 181 177 
177 181 183 183 183 183 183 183 183 183 183 183 183 183 183 183 183 183 183 181 183 177 183 183 183 183 183 183 183 183 183 183 183 183 183 183 177 183 181 183 183 183 183 183 183 183 183 183 183 183 183 183 183 183 183 183 183 183 181 177 
177 181 183 183 183 183 183 183 183 183 183 183 183 183 183 183 183 183 183 181 183 177 183 183 183 183 183 183 183 183 183 183 183 183 183 183 177 183 181 183 183 183 183 183 183 183 183 183 183 183 183 183 183 183 183 183 183 183 181 177 
177 181 183 183 183 183 183 183 183 183 183 183 183 183 183 183 183 183 183 183 183 177 183 183 183 183 183 183 183 183 183 183 183 183 183 183 177 183 183 183 183 183 183 183 183 183 183 183 183 183 183 183 183 183 183 183 183 183 181 177 
177 181 183 183 183 183 183 183 183 183 183 183 183 183 183 183 183 183 183 183 183 183 183 183 183 183 183 183 183 183 183 183 183 183 183 183 183 183 183 183 183 183 183 183 183 183 183 183 183 183 183 183 183 183 183 183 183 183 181 177 
177 181 183 183 183 183 183 183 183 183 183 183 183 183 183 183 183 183 183 181 181 183 183 177 177 177 177 177 177 177 177 177 177 177 177 183 183 181 181 183 183 183 183 183 183 183 183 183 183 183 183 183 183 183 183 183 183 183 181 177 
177 181 183 183 183 183 183 183 183 183 183 183 183 183 183 183 183 183 183 181 181 181 183 183 183 183 183 183 183 183 183 183 183 183 183 183 181 181 181 183 183 183 183 183 183 183 183 183 183 183 183 183 183 183 183 183 183 183 181 177 
177 181 183 183 183 183 183 183 183 183 183 183 183 183 183 183 183 183 183 181 181 181 183 183 181 181 181 181 181 181 181 181 181 181 183 183 181 181 181 183 183 183 183 183 183 183 183 183 183 183 183 183 183 183 183 183 183 183 181 177 
177 181 183 183 183 183 183 183 183 183 183 183 183 183 183 183 183 183 183 183 183 183 183 183 183 183 183 183 183 183 183 183 183 183 183 183 183 183 183 183 183 183 183 183 183 183 183 183 183 183 183 183 183 183 183 183 183 183 181 177 
177 181 183 183 183 183 183 183 183 183 183 183 183 183 183 183 183 183 183 183 183 183 183 183 183 183 183 183 183 183 183 183 183 183 183 183 183 183 183 183 183 183 183 183 183 183 183 183 183 183 183 183 183 183 183 183 183 183 181 177 
177 181 183 183 183 183 183 183 183 183 183 183 183 183 183 183 183 183 183 183 183 183 183 183 183 183 183 183 183 183 183 183 183 183 183 183 183 183 183 183 183 183 183 183 183 183 183 183 183 183 183 183 183 183 183 183 183 183 181 177 
177 181 183 177 177 177 183 183 183 183 183 183 183 183 183 183 183 183 183 183 183 183 183 183 183 183 183 183 183 183 183 183 183 183 183 183 183 183 183 183 183 183 183 183 183 183 183 183 183 183 183 183 183 183 177 177 177 183 181 177 
177 183 183 183 183 177 183 183 183 183 183 183 183 183 183 183 183 183 183 183 183 183 183 183 183 183 183 183 183 183 183 183 183 183 183 183 183 183 183 183 183 183 183 183 183 183 183 183 183 183 183 183 183 183 177 183 183 183 183 177 
177 183 176 183 183 183 183 183 183 183 183 183 183 183 183 183 183 183 183 183 183 183 183 183 183 183 183 183 183 183 183 183 183 183 183 183 183 183 183 183 183 183 183 183 183 183 183 183 183 183 183 183 183 183 183 183 183 180 183 177 
177 183 183 183 183 181 181 181 181 181 181 181 181 181 181 181 181 181 181 181 181 181 181 181 181 181 181 181 181 181 181 181 181 181 181 181 181 181 181 181 181 181 181 181 181 181 181 181 181 181 181 181 181 181 181 183 183 183 183 177 
177 177 177 177 177 177 177 177 177 177 177 177 177 177 177 177 177 177 177 177 177 177 177 177 177 177 177 177 177 177 177 177 177 177 177 177 177 177 177 177 177 177 177 177 177 177 177 177 177 177 177 177 177 177 177 177 177 177 177 177 