Honey Run
Z:\Documents\Informatique VS\TP_TileMapping\TP_TileMapping\src\TileMapping\images\tileSetMinecraft32x32.png
30 20 32 32
67 67 84 3 147 3 3 3 3 3 3 3 3 3 3 147 3 3 3 3 3 3 3 3 3 3 3 84 66 66 
67 67 84 3 3 3 152 36 36 36 36 36 36 36 36 36 36 36 36 36 36 36 36 3 152 3 147 84 66 66 
67 67 36 36 36 36 36 36 36 84 84 84 84 36 84 84 36 36 84 84 36 36 36 36 36 36 36 36 66 66 
84 84 36 36 36 36 36 36 36 36 36 84 36 36 36 84 84 36 36 84 84 84 36 36 36 36 36 36 84 84 
3 3 3 3 36 84 84 36 36 84 36 84 36 84 84 36 36 36 84 36 36 84 36 36 3 3 3 3 3 3 
147 3 3 3 36 84 36 36 84 36 36 36 36 36 36 36 84 36 36 84 36 36 84 36 3 3 3 3 3 3 
3 3 3 3 36 84 36 84 36 36 36 84 84 84 84 84 84 36 36 36 84 36 36 36 3 3 3 3 3 3 
3 3 3 3 36 36 36 36 36 84 36 36 36 36 36 36 36 36 84 36 36 36 84 36 3 3 3 3 3 3 
3 3 3 3 3 84 36 84 36 84 36 36 36 98 99 36 36 36 84 36 84 84 84 36 3 3 3 147 3 3 
3 3 147 3 3 84 84 84 36 84 36 36 36 36 98 99 36 36 84 36 84 36 84 36 3 3 3 3 3 3 
3 3 3 147 3 84 36 36 36 84 36 36 36 36 36 36 36 36 84 36 36 36 36 36 3 3 3 3 3 3 
3 3 3 3 3 84 36 84 36 36 36 84 84 84 84 84 84 36 36 36 84 36 84 36 36 3 3 3 3 3 
3 152 3 3 3 36 36 36 84 36 36 84 36 36 36 36 36 36 36 84 36 36 36 84 36 3 3 147 3 3 
3 3 3 3 36 36 84 36 36 84 36 36 36 84 36 36 84 36 84 36 36 36 84 36 36 3 3 3 152 3 
3 3 3 3 36 36 84 84 36 36 84 36 36 84 84 36 36 36 36 36 84 84 84 36 36 3 3 3 3 3 
3 3 36 36 36 36 36 36 36 84 84 36 84 84 36 36 84 84 84 36 84 36 36 36 36 36 36 3 3 3 
84 84 36 36 36 36 36 36 36 36 36 36 36 36 36 36 36 36 36 36 36 36 36 36 36 36 36 36 84 84 
65 65 36 36 3 3 3 3 3 3 3 3 3 3 147 3 3 3 3 3 3 3 3 3 3 3 36 36 70 70 
65 65 84 3 3 3 3 147 3 152 3 3 3 3 3 3 3 3 3 3 3 3 3 3 3 3 3 84 70 70 
65 65 84 3 3 3 3 3 3 3 3 3 3 3 3 3 3 3 3 3 3 147 3 3 3 3 3 84 70 70 
